0   0  0   1 0 0 0.5     0.8660254037844386 0 0.5 0.2886751345948129    0.816496580927726
5 66 5 2 3 2.5437 0 888 @34 ### number
3 44 7.44456 432 1 2
3    2 1 6 2 1 4.5    4.59807 1    4.5 2.86602   3.44948
5 1 2 7 2 4 45.6 2.98044 2 4.3 6.56242 1.54678
3    2 1 6 2 1 4.5    4.59807 1    4.5 2.86602   3.44948!
1 0     0  4   0   0   2.5 0 2.598076211353316  2.5 2.449489742783178  0.8660254037844386
2.0 -1   1  5 5 4          3 2.0     -1  4      1  3
14    4 5   -5f -3 2  -2    -6    -3 -2    2 -1
14 4 5   -5 -3       2  -2 -6 -3 -2 2 -1
  2.0 -1   1        5 5 3 2     .0  -1 4 1  3
   1 3        6  2      2 1          -1 0 1  -4 6 -3
-4 2 7     2 -3 0  -10    5        8  -5 2 -4
0 -1 2  -1 -1 6 -2      0 2 0 1 4
2    2   2 0       0 0       0   0 0       2 1     0